ID		XNode		YNode		WidthNode		HeightNode		ChildNodeCount		ObjectsCount		ChildsIndex
0		0		0		3840				3840				4		0		
01		0		0		1920				1920				0		0		
02		1920		0		1920				1920				0		0		
03		0		1920		1920				1920				4		0		
031		0		1920		960				960				4		0		
0311		0		1920		480				480				0		0		
0312		480		1920		480				480				0		0		
0313		0		2400		480				480				4		0		
03131		0		2400		240				240				0		0		
03132		240		2400		240				240				0		0		
03133		0		2640		240				240				4		0		
031331		0		2640		120				120				0		0		
031332		120		2640		120				120				0		0		
031333		0		2760		120				120				0		1		28		
031334		120		2760		120				120				0		3		22		25		28		
03134		240		2640		240				240				4		0		
031341		240		2640		120				120				0		1		19		
031342		360		2640		120				120				0		2		16		19		
031343		240		2760		120				120				0		4		19		22		25		28		
031344		360		2760		120				120				0		4		19		22		25		28		
0314		480		2400		480				480				0		0		
032		960		1920		960				960				4		0		
0321		960		1920		480				480				0		0		
0322		1440		1920		480				480				0		0		
0323		960		2400		480				480				4		0		
03231		960		2400		240				240				0		0		
03232		1200		2400		240				240				0		0		
03233		960		2640		240				240				4		0		
032331		960		2640		120				120				0		0		
032332		1080		2640		120				120				0		0		
032333		960		2760		120				120				0		0		
032334		1080		2760		120				120				0		1		29		
03234		1200		2640		240				240				4		0		
032341		1200		2640		120				120				0		0		
032342		1320		2640		120				120				0		0		
032343		1200		2760		120				120				0		1		29		
032344		1320		2760		120				120				0		1		29		
0324		1440		2400		480				480				4		0		
03241		1440		2400		240				240				0		0		
03242		1680		2400		240				240				0		0		
03243		1440		2640		240				240				4		0		
032431		1440		2640		120				120				0		0		
032432		1560		2640		120				120				0		2		17		20		
032433		1440		2760		120				120				0		3		23		26		29		
032434		1560		2760		120				120				0		4		20		23		26		29		
03244		1680		2640		240				240				4		0		
032441		1680		2640		120				120				0		3		18		20		21		
032442		1800		2640		120				120				0		0		
032443		1680		2760		120				120				0		5		20		21		23		26		29		
032444		1800		2760		120				120				0		1		29		
033		0		2880		960				960				0		0		
034		960		2880		960				960				0		0		
04		1920		1920		1920				1920				4		0		
041		1920		1920		960				960				4		0		
0411		1920		1920		480				480				0		0		
0412		2400		1920		480				480				0		0		
0413		1920		2400		480				480				4		0		
04131		1920		2400		240				240				0		0		
04132		2160		2400		240				240				0		0		
04133		1920		2640		240				240				4		0		
041331		1920		2640		120				120				0		0		
041332		2040		2640		120				120				0		0		
041333		1920		2760		120				120				0		4		2		24		27		29		
041334		2040		2760		120				120				0		4		2		24		27		29		
04134		2160		2640		240				240				4		0		
041341		2160		2640		120				120				0		0		
041342		2280		2640		120				120				0		0		
041343		2160		2760		120				120				0		2		24		32		
041344		2280		2760		120				120				0		3		32		33		34		
0414		2400		2400		480				480				4		0		
04141		2400		2400		240				240				0		0		
04142		2640		2400		240				240				0		0		
04143		2400		2640		240				240				4		0		
041431		2400		2640		120				120				0		0		
041432		2520		2640		120				120				0		1		0		
041433		2400		2760		120				120				0		3		1		33		34		
041434		2520		2760		120				120				0		1		0		
04144		2640		2640		240				240				0		0		
042		2880		1920		960				960				0		0		
043		1920		2880		960				960				4		0		
0431		1920		2880		480				480				4		0		
04311		1920		2880		240				240				0		0		
04312		2160		2880		240				240				4		0		
043121		2160		2880		120				120				0		0		
043122		2280		2880		120				120				0		2		3		4		
043123		2160		3000		120				120				0		0		
043124		2280		3000		120				120				0		1		3		
04313		1920		3120		240				240				0		0		
04314		2160		3120		240				240				4		0		
043141		2160		3120		120				120				0		0		
043142		2280		3120		120				120				0		2		3		5		
043143		2160		3240		120				120				0		0		
043144		2280		3240		120				120				0		3		5		7		8		
0432		2400		2880		480				480				4		0		
04321		2400		2880		240				240				4		0		
043211		2400		2880		120				120				0		0		
043212		2520		2880		120				120				0		1		0		
043213		2400		3000		120				120				0		0		
043214		2520		3000		120				120				0		1		0		
04322		2640		2880		240				240				0		0		
04323		2400		3120		240				240				4		0		
043231		2400		3120		120				120				0		0		
043232		2520		3120		120				120				0		1		0		
043233		2400		3240		120				120				0		0		
043234		2520		3240		120				120				0		1		0		
04324		2640		3120		240				240				0		0		
0433		1920		3360		480				480				4		0		
04331		1920		3360		240				240				0		0		
04332		2160		3360		240				240				4		0		
043321		2160		3360		120				120				0		0		
043322		2280		3360		120				120				0		3		6		8		9		
043323		2160		3480		120				120				0		0		
043324		2280		3480		120				120				0		1		9		
04333		1920		3600		240				240				0		0		
04334		2160		3600		240				240				4		0		
043341		2160		3600		120				120				0		0		
043342		2280		3600		120				120				0		2		9		11		
043343		2160		3720		120				120				0		0		
043344		2280		3720		120				120				0		4		11		12		13		14		
0434		2400		3360		480				480				4		0		
04341		2400		3360		240				240				4		0		
043411		2400		3360		120				120				0		0		
043412		2520		3360		120				120				0		1		0		
043413		2400		3480		120				120				0		1		30		
043414		2520		3480		120				120				0		2		0		30		
04342		2640		3360		240				240				0		0		
04343		2400		3600		240				240				4		0		
043431		2400		3600		120				120				0		0		
043432		2520		3600		120				120				0		0		
043433		2400		3720		120				120				0		3		12		13		14		
043434		2520		3720		120				120				0		1		14		
04344		2640		3600		240				240				4		0		
043441		2640		3600		120				120				0		0		
043442		2760		3600		120				120				0		1		10		
043443		2640		3720		120				120				0		2		14		31		
043444		2760		3720		120				120				0		2		14		31		
044		2880		2880		960				960				4		0		
0441		2880		2880		480				480				0		0		
0442		3360		2880		480				480				0		0		
0443		2880		3360		480				480				4		0		
04431		2880		3360		240				240				0		0		
04432		3120		3360		240				240				0		0		
04433		2880		3600		240				240				4		0		
044331		2880		3600		120				120				0		1		10		
044332		3000		3600		120				120				0		1		10		
044333		2880		3720		120				120				0		1		31		
044334		3000		3720		120				120				0		1		31		
04434		3120		3600		240				240				4		0		
044341		3120		3600		120				120				0		1		10		
044342		3240		3600		120				120				0		1		10		
044343		3120		3720		120				120				0		1		31		
044344		3240		3720		120				120				0		1		31		
0444		3360		3360		480				480				4		0		
04441		3360		3360		240				240				0		0		
04442		3600		3360		240				240				0		0		
04443		3360		3600		240				240				4		0		
044431		3360		3600		120				120				0		1		10		
044432		3480		3600		120				120				0		1		10		
044433		3360		3720		120				120				0		1		31		
044434		3480		3720		120				120				0		2		15		31		
04444		3600		3600		240				240				4		0		
044441		3600		3600		120				120				0		0		
044442		3720		3600		120				120				0		0		
044443		3600		3720		120				120				0		2		15		31		
044444		3720		3720		120				120				0		1		15		
