221
-6	2000	1728	32	16	
-6	1920	1888	128	16	
-5	0	1216	1280	944	
-5	2048	1216	1296	704	
-5	1536	1440	256	720	
-5	0	2160	768	960	
-5	1536	2160	1808	240	
-5	1024	2400	2320	944	
-4	1416	1383	16	20
-4	904		2343	16	20	
-3	1376	1568	32	32	
-3	1312	1808	32	32	
-3	1824	2048	32	32	
-3	1856	2048	32	32	
-3	1376	2080	32	32	
-3	1856	2080	32	32	
-3	1888	2080	32	32	
-3	3120	2080	32	32	
-3	3152	2080	32	32	
-3	1152	2256	32	32	
-3	128	3184	32	32	
-3	384	3184	32	32	
-3	640	3216	32	32	
-3	160	3248	32	32	
-3	416	3248	32	32	
-3	128	3280	32	32	
-3	160	3280	32	32	
-3	384	3280	32	32	
-3	416	3280	32	32	
-2	1984	1392	16	96	
-2	1328	1408	16	96	
-2	1888	1488	16	32	
-2	1344	1536	16	64	
-102	1312	1648	16	160	
-2	1888	1648	16	64	
-202	1488	1888	16	96	
-102	1824	1888	16	96	
-2	1344	2032	16	80	
-202	1488	2112	16	112	
-2	1360	2224	16	96	
-102	816	2368	16	112	
-2	832	2528	16	80	
-202	976	2608	16	80	
-2	800	2720	16	96	
-202	912	2752	16	96	
-202	976	2848	16	80	
-102	800	3008	16	80	
-202	976	3088	16	96	
-2	848	3184	16	96	
-2	80	3216	16	96	
-102	160	3216	16	32	
-2	336	3216	16	96	
-102	416	3216	16	32	
-1	1280	1264	32	144	
-1	1344	1440	192	32	
-1	1792	1440	96	16	
-1	1280	1472	32	64	
-1	1504	1472	32	64	
-1	1280	1536	64	16	
-1	1504	1680	32	96	
-1	1792	1744	128	32	
-1	1792	1776	64	32	
-1	1792	1808	32	272	
-1	1280	1840	96	48	
-1	1280	1920	32	64	
-1	3088	1920	256	32	
-1	3088	1952	16	32	
-1	1280	1984	64	16	
-1	1280	2048	32	64	
-1	1504	2048	32	176	
-1	1792	2080	64	32	
-1	1280	2112	208	48	
-1	1792	2112	512	48	
-1	3088	2112	256	48	
-1	1472	2160	16	32	
-1	1344	2224	16	96	
-1	1472	2256	64	64	
-1	1216	2352	320	48	
-1	864	2400	160	16	
-1	880	2416	144	16	
-1	928	2432	96	16	
-1	944	2448	80	16	
-1	960	2464	64	64	
-1	992	2560	32	128	
-1	816	2720	16	32	
-1	832	3184	16	96	
-1	960	3216	64	64	
-1	704	3312	320	32	
-1	1280	1408	48	64	
-1	1792	1456	80	32	
-1	1792	1488	96	32	
-1	1792	1520	64	32	
-1	1280	1552	32	288	
-1	1792	1552	32	96	
-1	1792	1648	96	96	
-1	1504	1856	32	128	
-1	1280	1888	208	32	
-1	1840	1904	208	16	
-1	3328	1952	16	160	
-1	1280	2000	32	32	
-1	1504	2000	32	32	
-1	1280	2032	64	16	
-1	1216	2336	64	16	
-1	960	2544	64	16	
-1	992	2784	32	144	
-1	800	2848	48	32	
-1	816	3008	16	32	
-1	992	3024	32	160	
-1	704	3296	64	16	
-1	1632	1296	160	32	
-1	1568	1328	416	32	
-1	1536	1360	288	32	
-1	1504	1392	480	16	
-1	2000	1392	16	48	
-1	1344	1408	640	32	
-1	1904	1488	112	32	
-1	1472	1536	64	64	
-1	1888	1584	32	16	
-1	1952	1584	32	16	
-1	1344	1600	192	48	
-1	1328	1648	208	32	
-1	1904	1648	16	64	
-1	2000	1744	32	16	
-1	1472	1776	64	32	
-1	1440	1808	96	32	
-1	1904	1824	32	16	
-1	2000	1824	32	16	
-1	1408	1840	128	16	
-1	1840	1888	80	16	
-1	1472	1984	64	16	
-1	2304	1984	800	32	
-1	1408	2016	32	16	
-1	1360	2032	16	16	
-1	1472	2032	64	16	
-1	2208	2080	912	32	
-1	1376	2224	16	32	
-1	1424	2224	112	32	
-1	1040	2272	32	16	
-1	1120	2288	64	32	
-1	1216	2304	32	32	
-1	1376	2304	48	16	
-1	1088	2320	96	32	
-1	1456	2320	80	32	
-1	960	2352	224	16	
-1	832	2368	352	32	
-1	816	2480	80	16	
-1	816	2528	16	16	
-1	848	2528	176	16	
-1	816	2608	64	32	
-1	912	2608	64	32	
-1	960	2688	64	32	
-1	928	2720	96	64	
-1	896	2752	16	32	
-1	800	2816	32	32	
-1	896	2848	80	32	
-1	928	2928	96	32	
-1	896	2960	128	32	
-1	864	2992	160	32	
-1	768	3088	160	32	
-1	960	3088	16	64	
-1	864	3184	16	32	
-1	912	3184	112	32	
-1	0	3216	80	16	
-1	96	3216	64	16	
-1	176	3216	16	16	
-1	224	3216	112	16	
-1	352	3216	64	16	
-1	432	3216	16	16	
-1	480	3216	32	16	
-1	528	3232	32	16	
-1	608	3248	64	32	
-1	704	3264	32	32	
-1	864	3264	48	16	
-1	576	3280	96	32	
-1	944	3280	80	32	
-1	0	3312	672	32	
1	352	3180	16	20	0	3120	1024	224	
1	450	3229	16	20	0	3120	1024	224	
1	593	3182	16	20	0	3120	1024	224	
2	817	3184	15	16	640	3123	384	230	
2	945	3232	15	16	640	3123	384	230	
2	977	3025	15	16	768	2880	256	243	
2	881	2960	15	16	768	2880	256	243	
2	913	2928	15	16	768	2880	256	243	
102	848	2848	15	16	768	2636	256	243	
2	883	2752	15	16	768	2636	256	243	
2	947	2688	15	16	768	2636	256	243	
102	880	2608	15	16	768	2393	256	243	
2	945	2480	15	16	768	2393	256	243	
2	913	2432	15	16	768	2393	256	243	
4	1072	2332	14	19	768	2163	768	230	
4	1104	2300	14	19	768	2163	768	230	
4	1136	2268	14	19	768	2163	768	230	
105	1344	2320	16	16	1177	2163	358	243	
105	1376	2257	16	16	1177	2163	358	243	
5	1454	2288	16	16	1177	2163	358	243	
105	1360	2049	16	16	1280	1920	256	243	
5	1483	2048	16	16	1280	1920	256	243	
5	1346	1984	16	16	1280	1920	256	243	
5	1314	2016	16	16	1280	1920	256	243	
105	1408	1858	16	16	1280	1676	256	217	
5	1377	1840	16	16	1280	1676	256	217	
5	1485	1744	16	16	1280	1676	256	217	
5	1453	1775	16	16	1280	1676	256	217	
5	1314	1600	16	16	1280	1472	256	204	
105	1328	1552	16	16	1280	1472	256	204	
5	1409	1567	16	16	1280	1472	256	204	
105	1472	1476	16	16	1280	1472	256	204	
5	1486	1503	16	16	1280	1472	256	204	
1	1840	1277	16	20	1625	1216	422	230	
1	1896	1304	16	20	1625	1216	422	230	
1	1994	1328	16	20	1625	1216	422	230	
8	2027	1562	17	21	1792	1446	256	243	
8	2028	1796	17	21	1792	1689	256	230	
9	1986	2034	32	48	1792	1920	336	192	
10	2512	2063	16	16	2304	2009	435	76	
110	2736	2016	16	16	2521	2009	460	76	
10	2959	2063	16	16	2752	2009	345	76	
11	3281	2079	24	32	3097	1958	230	166	
12	2271	2015	32	64	2268	2012	35	71	
12	3072	2016	32	64	3064	2012	42	71	
