ID		XNode		YNode		WidthNode		HeightNode		ChildNodeCount		ObjectsCount		ChildsIndex
0		0		0		3344				3344				4		0		
01		0		0		1672				1672				4		0		
011		0		0		836				836				0		0		
012		836		0		836				836				0		0		
013		0		836		836				836				4		0		
0131		0		836		418				418				4		0		
01311		0		836		209				209				0		0		
01312		209		836		209				209				0		0		
01313		0		1045		209				209				4		0		
013131		0		1045		104				104				0		0		
013132		104		1045		104				104				0		0		
013133		0		1149		104				104				0		1		2		
013134		104		1149		104				104				0		1		2		
01314		209		1045		209				209				4		0		
013141		209		1045		104				104				0		0		
013142		313		1045		104				104				0		0		
013143		209		1149		104				104				0		1		2		
013144		313		1149		104				104				0		1		2		
0132		418		836		418				418				4		0		
01321		418		836		209				209				0		0		
01322		627		836		209				209				0		0		
01323		418		1045		209				209				4		0		
013231		418		1045		104				104				0		0		
013232		522		1045		104				104				0		0		
013233		418		1149		104				104				0		1		2		
013234		522		1149		104				104				0		1		2		
01324		627		1045		209				209				4		0		
013241		627		1045		104				104				0		0		
013242		731		1045		104				104				0		0		
013243		627		1149		104				104				0		1		2		
013244		731		1149		104				104				0		1		2		
0133		0		1254		418				418				4		0		
01331		0		1254		209				209				4		0		
013311		0		1254		104				104				0		1		2		
013312		104		1254		104				104				0		1		2		
013313		0		1358		104				104				0		1		2		
013314		104		1358		104				104				0		1		2		
01332		209		1254		209				209				4		0		
013321		209		1254		104				104				0		1		2		
013322		313		1254		104				104				0		1		2		
013323		209		1358		104				104				0		1		2		
013324		313		1358		104				104				0		1		2		
01333		0		1463		209				209				4		0		
013331		0		1463		104				104				0		1		2		
013332		104		1463		104				104				0		1		2		
013333		0		1567		104				104				0		1		2		
013334		104		1567		104				104				0		1		2		
01334		209		1463		209				209				4		0		
013341		209		1463		104				104				0		1		2		
013342		313		1463		104				104				0		1		2		
013343		209		1567		104				104				0		1		2		
013344		313		1567		104				104				0		1		2		
0134		418		1254		418				418				4		0		
01341		418		1254		209				209				4		0		
013411		418		1254		104				104				0		1		2		
013412		522		1254		104				104				0		1		2		
013413		418		1358		104				104				0		1		2		
013414		522		1358		104				104				0		1		2		
01342		627		1254		209				209				4		0		
013421		627		1254		104				104				0		1		2		
013422		731		1254		104				104				0		1		2		
013423		627		1358		104				104				0		1		2		
013424		731		1358		104				104				0		1		2		
01343		418		1463		209				209				4		0		
013431		418		1463		104				104				0		1		2		
013432		522		1463		104				104				0		1		2		
013433		418		1567		104				104				0		1		2		
013434		522		1567		104				104				0		1		2		
01344		627		1463		209				209				4		0		
013441		627		1463		104				104				0		1		2		
013442		731		1463		104				104				0		1		2		
013443		627		1567		104				104				0		1		2		
013444		731		1567		104				104				0		1		2		
014		836		836		836				836				4		0		
0141		836		836		418				418				4		0		
01411		836		836		209				209				0		0		
01412		1045		836		209				209				0		0		
01413		836		1045		209				209				4		0		
014131		836		1045		104				104				0		0		
014132		940		1045		104				104				0		0		
014133		836		1149		104				104				0		1		2		
014134		940		1149		104				104				0		1		2		
01414		1045		1045		209				209				4		0		
014141		1045		1045		104				104				0		0		
014142		1149		1045		104				104				0		0		
014143		1045		1149		104				104				0		1		2		
014144		1149		1149		104				104				0		1		2		
0142		1254		836		418				418				4		0		
01421		1254		836		209				209				0		0		
01422		1463		836		209				209				0		0		
01423		1254		1045		209				209				4		0		
014231		1254		1045		104				104				0		0		
014232		1358		1045		104				104				0		0		
014233		1254		1149		104				104				0		1		2		
014234		1358		1149		104				104				0		0		
01424		1463		1045		209				209				0		0		
0143		836		1254		418				418				4		0		
01431		836		1254		209				209				4		0		
014311		836		1254		104				104				0		1		2		
014312		940		1254		104				104				0		1		2		
014313		836		1358		104				104				0		1		2		
014314		940		1358		104				104				0		1		2		
01432		1045		1254		209				209				4		0		
014321		1045		1254		104				104				0		1		2		
014322		1149		1254		104				104				0		1		2		
014323		1045		1358		104				104				0		1		2		
014324		1149		1358		104				104				0		1		2		
01433		836		1463		209				209				4		0		
014331		836		1463		104				104				0		1		2		
014332		940		1463		104				104				0		1		2		
014333		836		1567		104				104				0		1		2		
014334		940		1567		104				104				0		1		2		
01434		1045		1463		209				209				4		0		
014341		1045		1463		104				104				0		1		2		
014342		1149		1463		104				104				0		1		2		
014343		1045		1567		104				104				0		1		2		
014344		1149		1567		104				104				0		1		2		
0144		1254		1254		418				418				4		0		
01441		1254		1254		209				209				4		0		
014411		1254		1254		104				104				0		2		2		141		
014412		1358		1254		104				104				0		0		
014413		1254		1358		104				104				0		6		2		30		58		120		141		142		
014414		1358		1358		104				104				0		3		8		58		142		
01442		1463		1254		209				209				4		0		
014421		1463		1254		104				104				0		0		
014422		1567		1254		104				104				0		2		53		54		
014423		1463		1358		104				104				0		5		4		55		56		58		142		
014424		1567		1358		104				104				0		5		4		54		55		56		58		
01443		1254		1463		209				209				4		0		
014431		1254		1463		104				104				0		13		2		30		32		120		124		142		144		146		207		208		209		210		211		
014432		1358		1463		104				104				0		7		32		142		207		208		209		210		211		
014433		1254		1567		104				104				0		11		2		32		33		63		64		124		207		208		209		210		211		
014434		1358		1567		104				104				0		9		10		32		63		64		207		208		209		210		211		
01444		1463		1463		209				209				4		0		
014441		1463		1463		104				104				0		9		4		60		142		145		207		208		209		210		211		
014442		1567		1463		104				104				0		1		4		
014443		1463		1567		104				104				0		9		4		60		63		64		207		208		209		210		211		
014444		1567		1567		104				104				0		1		4		
02		1672		0		1672				1672				4		0		
021		1672		0		836				836				0		0		
022		2508		0		836				836				0		0		
023		1672		836		836				836				4		0		
0231		1672		836		418				418				4		0		
02311		1672		836		209				209				0		0		
02312		1881		836		209				209				0		0		
02313		1672		1045		209				209				0		0		
02314		1881		1045		209				209				4		0		
023141		1881		1045		104				104				0		0		
023142		1985		1045		104				104				0		0		
023143		1881		1149		104				104				0		0		
023144		1985		1149		104				104				0		1		3		
0232		2090		836		418				418				4		0		
02321		2090		836		209				209				0		0		
02322		2299		836		209				209				0		0		
02323		2090		1045		209				209				4		0		
023231		2090		1045		104				104				0		0		
023232		2194		1045		104				104				0		0		
023233		2090		1149		104				104				0		1		3		
023234		2194		1149		104				104				0		1		3		
02324		2299		1045		209				209				4		0		
023241		2299		1045		104				104				0		0		
023242		2403		1045		104				104				0		0		
023243		2299		1149		104				104				0		1		3		
023244		2403		1149		104				104				0		1		3		
0233		1672		1254		418				418				4		0		
02331		1672		1254		209				209				4		0		
023311		1672		1254		104				104				0		2		53		54		
023312		1776		1254		104				104				0		2		53		54		
023313		1672		1358		104				104				0		5		4		54		55		56		58		
023314		1776		1358		104				104				0		8		4		54		55		56		58		121		143		212		
02332		1881		1254		209				209				4		0		
023321		1881		1254		104				104				0		1		54		
023322		1985		1254		104				104				0		1		3		
023323		1881		1358		104				104				0		6		29		54		56		58		143		212		
023324		1985		1358		104				104				0		4		3		29		57		212		
02333		1672		1463		209				209				4		0		
023331		1672		1463		104				104				0		1		4		
023332		1776		1463		104				104				0		6		4		121		122		123		125		212		
023333		1672		1567		104				104				0		1		4		
023334		1776		1567		104				104				0		5		4		125		126		212		213		
02334		1881		1463		209				209				4		0		
023341		1881		1463		104				104				0		5		29		31		59		122		212		
023342		1985		1463		104				104				0		4		3		29		59		212		
023343		1881		1567		104				104				0		7		34		61		62		65		126		212		213		
023344		1985		1567		104				104				0		3		3		212		213		
0234		2090		1254		418				418				4		0		
02341		2090		1254		209				209				4		0		
023411		2090		1254		104				104				0		1		3		
023412		2194		1254		104				104				0		1		3		
023413		2090		1358		104				104				0		1		3		
023414		2194		1358		104				104				0		1		3		
02342		2299		1254		209				209				4		0		
023421		2299		1254		104				104				0		1		3		
023422		2403		1254		104				104				0		1		3		
023423		2299		1358		104				104				0		1		3		
023424		2403		1358		104				104				0		1		3		
02343		2090		1463		209				209				4		0		
023431		2090		1463		104				104				0		1		3		
023432		2194		1463		104				104				0		1		3		
023433		2090		1567		104				104				0		1		3		
023434		2194		1567		104				104				0		1		3		
02344		2299		1463		209				209				4		0		
023441		2299		1463		104				104				0		1		3		
023442		2403		1463		104				104				0		1		3		
023443		2299		1567		104				104				0		1		3		
023444		2403		1567		104				104				0		1		3		
024		2508		836		836				836				4		0		
0241		2508		836		418				418				4		0		
02411		2508		836		209				209				0		0		
02412		2717		836		209				209				0		0		
02413		2508		1045		209				209				4		0		
024131		2508		1045		104				104				0		0		
024132		2612		1045		104				104				0		0		
024133		2508		1149		104				104				0		1		3		
024134		2612		1149		104				104				0		1		3		
02414		2717		1045		209				209				4		0		
024141		2717		1045		104				104				0		0		
024142		2821		1045		104				104				0		0		
024143		2717		1149		104				104				0		1		3		
024144		2821		1149		104				104				0		1		3		
0242		2926		836		418				418				4		0		
02421		2926		836		209				209				0		0		
02422		3135		836		209				209				0		0		
02423		2926		1045		209				209				4		0		
024231		2926		1045		104				104				0		0		
024232		3030		1045		104				104				0		0		
024233		2926		1149		104				104				0		1		3		
024234		3030		1149		104				104				0		1		3		
02424		3135		1045		209				209				4		0		
024241		3135		1045		104				104				0		0		
024242		3239		1045		104				104				0		0		
024243		3135		1149		104				104				0		1		3		
024244		3239		1149		104				104				0		1		3		
0243		2508		1254		418				418				4		0		
02431		2508		1254		209				209				4		0		
024311		2508		1254		104				104				0		1		3		
024312		2612		1254		104				104				0		1		3		
024313		2508		1358		104				104				0		1		3		
024314		2612		1358		104				104				0		1		3		
02432		2717		1254		209				209				4		0		
024321		2717		1254		104				104				0		1		3		
024322		2821		1254		104				104				0		1		3		
024323		2717		1358		104				104				0		1		3		
024324		2821		1358		104				104				0		1		3		
02433		2508		1463		209				209				4		0		
024331		2508		1463		104				104				0		1		3		
024332		2612		1463		104				104				0		1		3		
024333		2508		1567		104				104				0		1		3		
024334		2612		1567		104				104				0		1		3		
02434		2717		1463		209				209				4		0		
024341		2717		1463		104				104				0		1		3		
024342		2821		1463		104				104				0		1		3		
024343		2717		1567		104				104				0		1		3		
024344		2821		1567		104				104				0		1		3		
0244		2926		1254		418				418				4		0		
02441		2926		1254		209				209				4		0		
024411		2926		1254		104				104				0		1		3		
024412		3030		1254		104				104				0		1		3		
024413		2926		1358		104				104				0		1		3		
024414		3030		1358		104				104				0		1		3		
02442		3135		1254		209				209				4		0		
024421		3135		1254		104				104				0		1		3		
024422		3239		1254		104				104				0		1		3		
024423		3135		1358		104				104				0		1		3		
024424		3239		1358		104				104				0		1		3		
02443		2926		1463		209				209				4		0		
024431		2926		1463		104				104				0		1		3		
024432		3030		1463		104				104				0		1		3		
024433		2926		1567		104				104				0		1		3		
024434		3030		1567		104				104				0		1		3		
02444		3135		1463		209				209				4		0		
024441		3135		1463		104				104				0		1		3		
024442		3239		1463		104				104				0		1		3		
024443		3135		1567		104				104				0		1		3		
024444		3239		1567		104				104				0		1		3		
03		0		1672		1672				1672				4		0		
031		0		1672		836				836				4		0		
0311		0		1672		418				418				4		0		
03111		0		1672		209				209				4		0		
031111		0		1672		104				104				0		1		2		
031112		104		1672		104				104				0		1		2		
031113		0		1776		104				104				0		1		2		
031114		104		1776		104				104				0		1		2		
03112		209		1672		209				209				4		0		
031121		209		1672		104				104				0		1		2		
031122		313		1672		104				104				0		1		2		
031123		209		1776		104				104				0		1		2		
031124		313		1776		104				104				0		1		2		
03113		0		1881		209				209				4		0		
031131		0		1881		104				104				0		1		2		
031132		104		1881		104				104				0		1		2		
031133		0		1985		104				104				0		1		2		
031134		104		1985		104				104				0		1		2		
03114		209		1881		209				209				4		0		
031141		209		1881		104				104				0		1		2		
031142		313		1881		104				104				0		1		2		
031143		209		1985		104				104				0		1		2		
031144		313		1985		104				104				0		1		2		
0312		418		1672		418				418				4		0		
03121		418		1672		209				209				4		0		
031211		418		1672		104				104				0		1		2		
031212		522		1672		104				104				0		1		2		
031213		418		1776		104				104				0		1		2		
031214		522		1776		104				104				0		1		2		
03122		627		1672		209				209				4		0		
031221		627		1672		104				104				0		1		2		
031222		731		1672		104				104				0		1		2		
031223		627		1776		104				104				0		1		2		
031224		731		1776		104				104				0		1		2		
03123		418		1881		209				209				4		0		
031231		418		1881		104				104				0		1		2		
031232		522		1881		104				104				0		1		2		
031233		418		1985		104				104				0		1		2		
031234		522		1985		104				104				0		1		2		
03124		627		1881		209				209				4		0		
031241		627		1881		104				104				0		1		2		
031242		731		1881		104				104				0		1		2		
031243		627		1985		104				104				0		1		2		
031244		731		1985		104				104				0		1		2		
0313		0		2090		418				418				4		0		
03131		0		2090		209				209				4		0		
031311		0		2090		104				104				0		2		2		5		
031312		104		2090		104				104				0		2		2		5		
031313		0		2194		104				104				0		1		5		
031314		104		2194		104				104				0		1		5		
03132		209		2090		209				209				4		0		
031321		209		2090		104				104				0		2		2		5		
031322		313		2090		104				104				0		2		2		5		
031323		209		2194		104				104				0		1		5		
031324		313		2194		104				104				0		1		5		
03133		0		2299		209				209				4		0		
031331		0		2299		104				104				0		1		5		
031332		104		2299		104				104				0		1		5		
031333		0		2403		104				104				0		1		5		
031334		104		2403		104				104				0		1		5		
03134		209		2299		209				209				4		0		
031341		209		2299		104				104				0		1		5		
031342		313		2299		104				104				0		1		5		
031343		209		2403		104				104				0		1		5		
031344		313		2403		104				104				0		1		5		
0314		418		2090		418				418				4		0		
03141		418		2090		209				209				4		0		
031411		418		2090		104				104				0		2		2		5		
031412		522		2090		104				104				0		2		2		5		
031413		418		2194		104				104				0		1		5		
031414		522		2194		104				104				0		1		5		
03142		627		2090		209				209				4		0		
031421		627		2090		104				104				0		2		2		5		
031422		731		2090		104				104				0		8		2		5		193		194		195		196		197		198		
031423		627		2194		104				104				0		1		5		
031424		731		2194		104				104				0		7		5		193		194		195		196		197		198		
03143		418		2299		209				209				4		0		
031431		418		2299		104				104				0		1		5		
031432		522		2299		104				104				0		1		5		
031433		418		2403		104				104				0		1		5		
031434		522		2403		104				104				0		1		5		
03144		627		2299		209				209				4		0		
031441		627		2299		104				104				0		1		5		
031442		731		2299		104				104				0		12		5		40		88		193		194		195		196		197		198		190		191		192
031443		627		2403		104				104				0		1		5		
031444		731		2403		104				104				0		6		5		40		89		190		191		192
032		836		1672		836				836				4		0		
0321		836		1672		418				418				4		0		
03211		836		1672		209				209				4		0		
032111		836		1672		104				104				0		1		2		
032112		940		1672		104				104				0		1		2		
032113		836		1776		104				104				0		1		2		
032114		940		1776		104				104				0		1		2		
03212		1045		1672		209				209				4		0		
032121		1045		1672		104				104				0		1		2		
032122		1149		1672		104				104				0		1		2		
032123		1045		1776		104				104				0		1		2		
032124		1149		1776		104				104				0		1		2		
03213		836		1881		209				209				4		0		
032131		836		1881		104				104				0		1		2		
032132		940		1881		104				104				0		1		2		
032133		836		1985		104				104				0		1		2		
032134		940		1985		104				104				0		1		2		
03214		1045		1881		209				209				4		0		
032141		1045		1881		104				104				0		1		2		
032142		1149		1881		104				104				0		1		2		
032143		1045		1985		104				104				0		1		2		
032144		1149		1985		104				104				0		1		2		
0322		1254		1672		418				418				4		0		
03221		1254		1672		209				209				4		0		
032211		1254		1672		104				104				0		13		2		33		64		124		203		204		205		206		207		208		209		210		211		
032212		1358		1672		104				104				0		10		64		203		204		205		206		207		208		209		210		211		
032213		1254		1776		104				104				0		9		2		11		33		124		151		203		204		205		206		
032214		1358		1776		104				104				0		7		68		71		151		203		204		205		206		
03222		1463		1672		209				209				4		0		
032221		1463		1672		104				104				0		12		4		64		147		203		204		205		206		207		208		209		210		211		
032222		1567		1672		104				104				0		1		4		
032223		1463		1776		104				104				0		9		4		67		68		71		127		203		204		205		206		
032224		1567		1776		104				104				0		1		4		
03223		1254		1881		209				209				4		0		
032231		1254		1881		104				104				0		13		2		128		151		152		155		199		200		201		202		203		204		205		206		
032232		1358		1881		104				104				0		10		128		151		199		200		201		202		203		204		205		206		
032233		1254		1985		104				104				0		10		2		37		131		133		155		156		199		200		201		202		
032234		1358		1985		104				104				0		8		14		37		75		76		199		200		201		202		
03224		1463		1881		209				209				4		0		
032241		1463		1881		104				104				0		13		4		35		73		127		128		199		200		201		202		203		204		205		206		
032242		1567		1881		104				104				0		1		4		
032243		1463		1985		104				104				0		9		4		73		77		132		157		199		200		201		202		
032244		1567		1985		104				104				0		1		4		
0323		836		2090		418				418				4		0		
03231		836		2090		209				209				4		0		
032311		836		2090		104				104				0		7		2		193		194		195		196		197		198		
032312		940		2090		104				104				0		7		2		193		194		195		196		197		198		
032313		836		2194		104				104				0		6		193		194		195		196		197		198		
032314		940		2194		104				104				0		7		81		193		194		195		196		197		198		
03232		1045		2090		209				209				4		0		
032321		1045		2090		104				104				0		7		2		193		194		195		196		197		198		
032322		1149		2090		104				104				0		7		2		193		194		195		196		197		198		
032323		1045		2194		104				104				0		8		81		82		193		194		195		196		197		198		
032324		1149		2194		104				104				0		8		19		82		193		194		195		196		197		198		
03233		836		2299		209				209				4		0		
032331		836		2299		104				104				0		12		9		88		166		193		194		195		196		197		198		190		191		192
032332		940		2299		104				104				0		13		7		87		88		166		193		194		195		196		197		198		190		191		192
032333		836		2403		104				104				0		7		89		166		167		168		190		191		192
032334		940		2403		104				104				0		9		7		166		167		168		169		170		190		191		192
03234		1045		2299		209				209				4		0		
032341		1045		2299		104				104				0		11		7		82		85		87		88		193		194		195		196		197		198		
032342		1149		2299		104				104				0		14		7		82		83		85		87		88		134		165		193		194		195		196		197		198		
032343		1045		2403		104				104				0		1		7		
032344		1149		2403		104				104				0		1		7		
0324		1254		2090		418				418				4		0		
03241		1254		2090		209				209				4		0		
032411		1254		2090		104				104				0		14		2		37		156		159		193		194		195		196		197		198		199		200		201		202		
032412		1358		2090		104				104				0		13		14		37		159		193		194		195		196		197		198		199		200		201		202		
032413		1254		2194		104				104				0		7		163		193		194		195		196		197		198		
032414		1358		2194		104				104				0		10		39		79		80		163		193		194		195		196		197		198		
03242		1463		2090		209				209				4		0		
032421		1463		2090		104				104				0		16		4		6		38		157		159		162		193		194		195		196		197		198		199		200		201		202		
032422		1567		2090		104				104				0		2		4		6		
032423		1463		2194		104				104				0		11		6		38		80		157		164		193		194		195		196		197		198		
032424		1567		2194		104				104				0		1		6		
03243		1254		2299		209				209				4		0		
032431		1254		2299		104				104				0		10		7		134		163		165		193		194		195		196		197		198		
032432		1358		2299		104				104				0		12		7		39		84		86		163		165		193		194		195		196		197		198		
032433		1254		2403		104				104				0		1		7		
032434		1358		2403		104				104				0		1		7		
03244		1463		2299		209				209				4		0		
032441		1463		2299		104				104				0		11		6		7		86		164		165		193		194		195		196		197		198		
032442		1567		2299		104				104				0		2		6		7		
032443		1463		2403		104				104				0		1		7		
032444		1567		2403		104				104				0		1		7		
033		0		2508		836				836				4		0		
0331		0		2508		418				418				4		0		
03311		0		2508		209				209				4		0		
033111		0		2508		104				104				0		1		5		
033112		104		2508		104				104				0		1		5		
033113		0		2612		104				104				0		1		5		
033114		104		2612		104				104				0		1		5		
03312		209		2508		209				209				4		0		
033121		209		2508		104				104				0		1		5		
033122		313		2508		104				104				0		1		5		
033123		209		2612		104				104				0		1		5		
033124		313		2612		104				104				0		1		5		
03313		0		2717		209				209				4		0		
033131		0		2717		104				104				0		1		5		
033132		104		2717		104				104				0		1		5		
033133		0		2821		104				104				0		1		5		
033134		104		2821		104				104				0		1		5		
03314		209		2717		209				209				4		0		
033141		209		2717		104				104				0		1		5		
033142		313		2717		104				104				0		1		5		
033143		209		2821		104				104				0		1		5		
033144		313		2821		104				104				0		1		5		
0332		418		2508		418				418				4		0		
03321		418		2508		209				209				4		0		
033211		418		2508		104				104				0		1		5		
033212		522		2508		104				104				0		1		5		
033213		418		2612		104				104				0		1		5		
033214		522		2612		104				104				0		1		5		
03322		627		2508		209				209				4		0		
033221		627		2508		104				104				0		1		5		
033222		731		2508		104				104				0		7		5		41		90		92		190		191		192
033223		627		2612		104				104				0		1		5		
033224		731		2612		104				104				0		8		5		92		187		188		189		190		191		192
03323		418		2717		209				209				4		0		
033231		418		2717		104				104				0		1		5		
033232		522		2717		104				104				0		1		5		
033233		418		2821		104				104				0		1		5		
033234		522		2821		104				104				0		1		5		
03324		627		2717		209				209				4		0		
033241		627		2717		104				104				0		1		5		
033242		731		2717		104				104				0		7		5		43		97		172		187		188		189	
033243		627		2821		104				104				0		1		5		
033244		731		2821		104				104				0		9		5		97		137		184		185		186		187		188		189	
0333		0		2926		418				418				4		0		
03331		0		2926		209				209				4		0		
033311		0		2926		104				104				0		1		5		
033312		104		2926		104				104				0		1		5		
033313		0		3030		104				104				0		4		5		176		177		178
033314		104		3030		104				104				0		4		5		176		177		178
03332		209		2926		209				209				4		0		
033321		209		2926		104				104				0		1		5		
033322		313		2926		104				104				0		1		5		
033323		209		3030		104				104				0		4		5		176		177		178
033324		313		3030		104				104				0		4		5		176		177		178
03333		0		3135		209				209				4		0		
033331		0		3135		104				104				0		6		49		106		107		176		177		178
033332		104		3135		104				104				0		7		20		50		107		108		176		177		178
033333		0		3239		104				104				0		5		49		119		176		177		178
033334		104		3239		104				104				0		8		23		25		26		50		119		176		177		178
03334		209		3135		209				209				4		0		
033341		209		3135		104				104				0		4		109		176		177		178
033342		313		3135		104				104				0		8		21		51		52		109		110		176		177		178
033343		209		3239		104				104				0		4		119		176		177		178
033344		313		3239		104				104				0		9		24		27		28		51		52		119		176		177		178
0334		418		2926		418				418				4		0		
03341		418		2926		209				209				4		0		
033411		418		2926		104				104				0		1		5		
033412		522		2926		104				104				0		1		5		
033413		418		3030		104				104				0		4		5		176		177		178
033414		522		3030		104				104				0		6		5		176		177		178		182		183
03342		627		2926		209				209				4		0		
033421		627		2926		104				104				0		1		5		
033422		731		2926		104				104				0		6		5		46		138		184		185		186
033423		627		3030		104				104				0		6		5		176		177		178		182		183
033424		731		3030		104				104				0		12		5		46		102		138		176		177		178		182		183		184		185		186
03343		418		3135		209				209				4		0		
033431		418		3135		104				104				0		6		52		111		112		176		177		178
033432		522		3135		104				104				0		6		113		176		177		178		182		183
033433		418		3239		104				104				0		7		24		28		52		119		176		177		178		
033434		522		3239		104				104				0		9		113		114		117		119		176		177		178		182		183
03344		627		3135		209				209				4		0		
033441		627		3135		104				104				0		6		22		176		177		178		182		183
033442		731		3135		104				104				0		6		173		176		177		178		182		183
033443		627		3239		104				104				0		12		22		114		115		117		119		140		175		176		177		178		182		183
033444		731		3239		104				104				0		9		115		140		173		175		176		177		178		182		183
034		836		2508		836				836				4		0		
0341		836		2508		418				418				4		0		
03411		836		2508		209				209				4		0		
034111		836		2508		104				104				0		7		41		91		92		93		190		191		192
034112		940		2508		104				104				0		10		7		42		91		93		135		170		171		190		191		192
034113		836		2612		104				104				0		8		92		93		187		188		189		190		191		192
034114		940		2612		104				104				0		11		7		42		93		94		171		187		188		189		190		191		192
03412		1045		2508		209				209				4		0		
034121		1045		2508		104				104				0		1		7		
034122		1149		2508		104				104				0		1		7		
034123		1045		2612		104				104				0		1		7		
034124		1149		2612		104				104				0		1		7		
03413		836		2717		209				209				4		0		
034131		836		2717		104				104				0		6		44		95		96		187		188		189
034132		940		2717		104				104				0		7		7		94		95		136		187		188		189
034133		836		2821		104				104				0		9		44		98		137		184		185		186		187		188		189
034134		940		2821		104				104				0		10		7		45		98		136		184		185		186		187		188		189
03414		1045		2717		209				209				4		0		
034141		1045		2717		104				104				0		1		7		
034142		1149		2717		104				104				0		1		7		
034143		1045		2821		104				104				0		1		7		
034144		1149		2821		104				104				0		1		7		
0342		1254		2508		418				418				4		0		
03421		1254		2508		209				209				4		0		
034211		1254		2508		104				104				0		1		7		
034212		1358		2508		104				104				0		1		7		
034213		1254		2612		104				104				0		1		7		
034214		1358		2612		104				104				0		1		7		
03422		1463		2508		209				209				4		0		
034221		1463		2508		104				104				0		1		7		
034222		1567		2508		104				104				0		1		7		
034223		1463		2612		104				104				0		1		7		
034224		1567		2612		104				104				0		1		7		
03423		1254		2717		209				209				4		0		
034231		1254		2717		104				104				0		1		7		
034232		1358		2717		104				104				0		1		7		
034233		1254		2821		104				104				0		1		7		
034234		1358		2821		104				104				0		1		7		
03424		1463		2717		209				209				4		0		
034241		1463		2717		104				104				0		1		7		
034242		1567		2717		104				104				0		1		7		
034243		1463		2821		104				104				0		1		7		
034244		1567		2821		104				104				0		1		7		
0343		836		2926		418				418				4		0		
03431		836		2926		209				209				4		0		
034311		836		2926		104				104				0		6		99		100		101		184		185		186
034312		940		2926		104				104				0		10		7		45		99		100		101		136		139		184		185		186
034313		836		3030		104				104				0		9		102		176		177		178		182		183		184		185		186
034314		940		3030		104				104				0		12		7		47		103		139		176		177		178		182		183		184		185		186
03432		1045		2926		209				209				4		0		
034321		1045		2926		104				104				0		1		7		
034322		1149		2926		104				104				0		1		7		
034323		1045		3030		104				104				0		1		7		
034324		1149		3030		104				104				0		1		7		
03433		836		3135		209				209				4		0		
034331		836		3135		104				104				0		9		48		104		105		173		176		177		178		182		183		
034332		940		3135		104				104				0		11		7		47		103		105		139		174		176		177		178		182		183		
034333		836		3239		104				104				0		9		48		116		173		175		176		177		178		182		183		
034334		940		3239		104				104				0		9		7		118		174		175		176		177		178		182		183		
03434		1045		3135		209				209				4		0		
034341		1045		3135		104				104				0		1		7		
034342		1149		3135		104				104				0		1		7		
034343		1045		3239		104				104				0		1		7		
034344		1149		3239		104				104				0		1		7		
0344		1254		2926		418				418				4		0		
03441		1254		2926		209				209				4		0		
034411		1254		2926		104				104				0		1		7		
034412		1358		2926		104				104				0		1		7		
034413		1254		3030		104				104				0		1		7		
034414		1358		3030		104				104				0		1		7		
03442		1463		2926		209				209				4		0		
034421		1463		2926		104				104				0		1		7		
034422		1567		2926		104				104				0		1		7		
034423		1463		3030		104				104				0		1		7		
034424		1567		3030		104				104				0		1		7		
03443		1254		3135		209				209				4		0		
034431		1254		3135		104				104				0		1		7		
034432		1358		3135		104				104				0		1		7		
034433		1254		3239		104				104				0		1		7		
034434		1358		3239		104				104				0		1		7		
03444		1463		3135		209				209				4		0		
034441		1463		3135		104				104				0		1		7		
034442		1567		3135		104				104				0		1		7		
034443		1463		3239		104				104				0		1		7		
034444		1567		3239		104				104				0		1		7		
04		1672		1672		1672				1672				4		0		
041		1672		1672		836				836				4		0		
0411		1672		1672		418				418				4		0		
04111		1672		1672		209				209				4		0		
041111		1672		1672		104				104				0		1		4		
041112		1776		1672		104				104				0		5		4		126		148		212		213		
041113		1672		1776		104				104				0		1		4		
041114		1776		1776		104				104				0		4		4		149		150		213		
04112		1881		1672		209				209				4		0		
041121		1881		1672		104				104				0		6		34		65		126		148		212		213		
041122		1985		1672		104				104				0		5		0		3		66		212		213		
041123		1881		1776		104				104				0		2		69		213		
041124		1985		1776		104				104				0		3		3		70		213		
04113		1672		1881		209				209				4		0		
041131		1672		1881		104				104				0		1		4		
041132		1776		1881		104				104				0		7		4		36		72		129		150		213		214		
041133		1672		1985		104				104				0		1		4		
041134		1776		1985		104				104				0		7		4		12		13		15		150		158		214		
04114		1881		1881		209				209				4		0		
041141		1881		1881		104				104				0		5		1		72		129		213		214		
041142		1985		1881		104				104				0		5		1		3		129		213		214		
041143		1881		1985		104				104				0		4		13		15		16		214		
041144		1985		1985		104				104				0		1		214		
0412		2090		1672		418				418				4		0		
04121		2090		1672		209				209				4		0		
041211		2090		1672		104				104				0		1		3		
041212		2194		1672		104				104				0		1		3		
041213		2090		1776		104				104				0		1		3		
041214		2194		1776		104				104				0		1		3		
04122		2299		1672		209				209				4		0		
041221		2299		1672		104				104				0		1		3		
041222		2403		1672		104				104				0		1		3		
041223		2299		1776		104				104				0		1		3		
041224		2403		1776		104				104				0		1		3		
04123		2090		1881		209				209				4		0		
041231		2090		1881		104				104				0		2		3		214		
041232		2194		1881		104				104				0		1		3		
041233		2090		1985		104				104				0		1		214		
041234		2194		1985		104				104				0		1		78		
04124		2299		1881		209				209				4		0		
041241		2299		1881		104				104				0		2		3		74		
041242		2403		1881		104				104				0		2		3		74		
041243		2299		1985		104				104				0		3		74		78		215		
041244		2403		1985		104				104				0		3		74		78		215		
0413		1672		2090		418				418				4		0		
04131		1672		2090		209				209				4		0		
041311		1672		2090		104				104				0		2		4		6		
041312		1776		2090		104				104				0		6		4		6		15		158		160		214		
041313		1672		2194		104				104				0		1		6		
041314		1776		2194		104				104				0		1		6		
04132		1881		2090		209				209				4		0		
041321		1881		2090		104				104				0		5		6		15		16		160		214		
041322		1985		2090		104				104				0		3		6		160		214		
041323		1881		2194		104				104				0		1		6		
041324		1985		2194		104				104				0		1		6		
04133		1672		2299		209				209				4		0		
041331		1672		2299		104				104				0		2		6		7		
041332		1776		2299		104				104				0		2		6		7		
041333		1672		2403		104				104				0		1		7		
041334		1776		2403		104				104				0		1		7		
04134		1881		2299		209				209				4		0		
041341		1881		2299		104				104				0		2		6		7		
041342		1985		2299		104				104				0		2		6		7		
041343		1881		2403		104				104				0		1		7		
041344		1985		2403		104				104				0		1		7		
0414		2090		2090		418				418				4		0		
04141		2090		2090		209				209				4		0		
041411		2090		2090		104				104				0		3		6		160		214		
041412		2194		2090		104				104				0		3		6		78		160		
041413		2090		2194		104				104				0		1		6		
041414		2194		2194		104				104				0		1		6		
04142		2299		2090		209				209				4		0		
041421		2299		2090		104				104				0		3		6		78		160		
041422		2403		2090		104				104				0		2		6		78		
041423		2299		2194		104				104				0		1		6		
041424		2403		2194		104				104				0		1		6		
04143		2090		2299		209				209				4		0		
041431		2090		2299		104				104				0		2		6		7		
041432		2194		2299		104				104				0		2		6		7		
041433		2090		2403		104				104				0		1		7		
041434		2194		2403		104				104				0		1		7		
04144		2299		2299		209				209				4		0		
041441		2299		2299		104				104				0		2		6		7		
041442		2403		2299		104				104				0		2		6		7		
041443		2299		2403		104				104				0		1		7		
041444		2403		2403		104				104				0		1		7		
042		2508		1672		836				836				4		0		
0421		2508		1672		418				418				4		0		
04211		2508		1672		209				209				4		0		
042111		2508		1672		104				104				0		1		3		
042112		2612		1672		104				104				0		1		3		
042113		2508		1776		104				104				0		1		3		
042114		2612		1776		104				104				0		1		3		
04212		2717		1672		209				209				4		0		
042121		2717		1672		104				104				0		1		3		
042122		2821		1672		104				104				0		1		3		
042123		2717		1776		104				104				0		1		3		
042124		2821		1776		104				104				0		1		3		
04213		2508		1881		209				209				4		0		
042131		2508		1881		104				104				0		2		3		74		
042132		2612		1881		104				104				0		2		3		74		
042133		2508		1985		104				104				0		4		74		78		215		216		
042134		2612		1985		104				104				0		4		74		78		215		216		
04214		2717		1881		209				209				4		0		
042141		2717		1881		104				104				0		2		3		74		
042142		2821		1881		104				104				0		2		3		74		
042143		2717		1985		104				104				0		4		74		78		216		217		
042144		2821		1985		104				104				0		4		74		78		216		217		
0422		2926		1672		418				418				4		0		
04221		2926		1672		209				209				4		0		
042211		2926		1672		104				104				0		1		3		
042212		3030		1672		104				104				0		1		3		
042213		2926		1776		104				104				0		1		3		
042214		3030		1776		104				104				0		1		3		
04222		3135		1672		209				209				4		0		
042221		3135		1672		104				104				0		1		3		
042222		3239		1672		104				104				0		1		3		
042223		3135		1776		104				104				0		1		3		
042224		3239		1776		104				104				0		1		3		
04223		2926		1881		209				209				4		0		
042231		2926		1881		104				104				0		2		3		74		
042232		3030		1881		104				104				0		4		3		74		153		154		
042233		2926		1985		104				104				0		3		74		78		217		
042234		3030		1985		104				104				0		4		17		74		78		217		
04224		3135		1881		209				209				4		0		
042241		3135		1881		104				104				0		2		3		153		
042242		3239		1881		104				104				0		3		3		130		153		
042243		3135		1985		104				104				0		2		17		18		
042244		3239		1985		104				104				0		1		130		
0423		2508		2090		418				418				4		0		
04231		2508		2090		209				209				4		0		
042311		2508		2090		104				104				0		2		6		78		
042312		2612		2090		104				104				0		2		6		78		
042313		2508		2194		104				104				0		1		6		
042314		2612		2194		104				104				0		1		6		
04232		2717		2090		209				209				4		0		
042321		2717		2090		104				104				0		2		6		78		
042322		2821		2090		104				104				0		2		6		78		
042323		2717		2194		104				104				0		1		6		
042324		2821		2194		104				104				0		1		6		
04233		2508		2299		209				209				4		0		
042331		2508		2299		104				104				0		2		6		7		
042332		2612		2299		104				104				0		2		6		7		
042333		2508		2403		104				104				0		1		7		
042334		2612		2403		104				104				0		1		7		
04234		2717		2299		209				209				4		0		
042341		2717		2299		104				104				0		2		6		7		
042342		2821		2299		104				104				0		2		6		7		
042343		2717		2403		104				104				0		1		7		
042344		2821		2403		104				104				0		1		7		
0424		2926		2090		418				418				4		0		
04241		2926		2090		209				209				4		0		
042411		2926		2090		104				104				0		2		6		78		
042412		3030		2090		104				104				0		4		6		17		78		161		
042413		2926		2194		104				104				0		1		6		
042414		3030		2194		104				104				0		1		6		
04242		3135		2090		209				209				4		0		
042421		3135		2090		104				104				0		4		6		17		18		161		
042422		3239		2090		104				104				0		3		6		130		161		
042423		3135		2194		104				104				0		1		6		
042424		3239		2194		104				104				0		1		6		
04243		2926		2299		209				209				4		0		
042431		2926		2299		104				104				0		2		6		7		
042432		3030		2299		104				104				0		2		6		7		
042433		2926		2403		104				104				0		1		7		
042434		3030		2403		104				104				0		1		7		
04244		3135		2299		209				209				4		0		
042441		3135		2299		104				104				0		2		6		7		
042442		3239		2299		104				104				0		2		6		7		
042443		3135		2403		104				104				0		1		7		
042444		3239		2403		104				104				0		1		7		
043		1672		2508		836				836				4		0		
0431		1672		2508		418				418				4		0		
04311		1672		2508		209				209				4		0		
043111		1672		2508		104				104				0		1		7		
043112		1776		2508		104				104				0		1		7		
043113		1672		2612		104				104				0		1		7		
043114		1776		2612		104				104				0		1		7		
04312		1881		2508		209				209				4		0		
043121		1881		2508		104				104				0		1		7		
043122		1985		2508		104				104				0		1		7		
043123		1881		2612		104				104				0		1		7		
043124		1985		2612		104				104				0		1		7		
04313		1672		2717		209				209				4		0		
043131		1672		2717		104				104				0		1		7		
043132		1776		2717		104				104				0		1		7		
043133		1672		2821		104				104				0		1		7		
043134		1776		2821		104				104				0		1		7		
04314		1881		2717		209				209				4		0		
043141		1881		2717		104				104				0		1		7		
043142		1985		2717		104				104				0		1		7		
043143		1881		2821		104				104				0		1		7		
043144		1985		2821		104				104				0		1		7		
0432		2090		2508		418				418				4		0		
04321		2090		2508		209				209				4		0		
043211		2090		2508		104				104				0		1		7		
043212		2194		2508		104				104				0		1		7		
043213		2090		2612		104				104				0		1		7		
043214		2194		2612		104				104				0		1		7		
04322		2299		2508		209				209				4		0		
043221		2299		2508		104				104				0		1		7		
043222		2403		2508		104				104				0		1		7		
043223		2299		2612		104				104				0		1		7		
043224		2403		2612		104				104				0		1		7		
04323		2090		2717		209				209				4		0		
043231		2090		2717		104				104				0		1		7		
043232		2194		2717		104				104				0		1		7		
043233		2090		2821		104				104				0		1		7		
043234		2194		2821		104				104				0		1		7		
04324		2299		2717		209				209				4		0		
043241		2299		2717		104				104				0		1		7		
043242		2403		2717		104				104				0		1		7		
043243		2299		2821		104				104				0		1		7		
043244		2403		2821		104				104				0		1		7		
0433		1672		2926		418				418				4		0		
04331		1672		2926		209				209				4		0		
043311		1672		2926		104				104				0		1		7		
043312		1776		2926		104				104				0		1		7		
043313		1672		3030		104				104				0		1		7		
043314		1776		3030		104				104				0		1		7		
04332		1881		2926		209				209				4		0		
043321		1881		2926		104				104				0		1		7		
043322		1985		2926		104				104				0		1		7		
043323		1881		3030		104				104				0		1		7		
043324		1985		3030		104				104				0		1		7		
04333		1672		3135		209				209				4		0		
043331		1672		3135		104				104				0		1		7		
043332		1776		3135		104				104				0		1		7		
043333		1672		3239		104				104				0		1		7		
043334		1776		3239		104				104				0		1		7		
04334		1881		3135		209				209				4		0		
043341		1881		3135		104				104				0		1		7		
043342		1985		3135		104				104				0		1		7		
043343		1881		3239		104				104				0		1		7		
043344		1985		3239		104				104				0		1		7		
0434		2090		2926		418				418				4		0		
04341		2090		2926		209				209				4		0		
043411		2090		2926		104				104				0		1		7		
043412		2194		2926		104				104				0		1		7		
043413		2090		3030		104				104				0		1		7		
043414		2194		3030		104				104				0		1		7		
04342		2299		2926		209				209				4		0		
043421		2299		2926		104				104				0		1		7		
043422		2403		2926		104				104				0		1		7		
043423		2299		3030		104				104				0		1		7		
043424		2403		3030		104				104				0		1		7		
04343		2090		3135		209				209				4		0		
043431		2090		3135		104				104				0		1		7		
043432		2194		3135		104				104				0		1		7		
043433		2090		3239		104				104				0		1		7		
043434		2194		3239		104				104				0		1		7		
04344		2299		3135		209				209				4		0		
043441		2299		3135		104				104				0		1		7		
043442		2403		3135		104				104				0		1		7		
043443		2299		3239		104				104				0		1		7		
043444		2403		3239		104				104				0		1		7		
044		2508		2508		836				836				4		0		
0441		2508		2508		418				418				4		0		
04411		2508		2508		209				209				4		0		
044111		2508		2508		104				104				0		1		7		
044112		2612		2508		104				104				0		1		7		
044113		2508		2612		104				104				0		1		7		
044114		2612		2612		104				104				0		1		7		
04412		2717		2508		209				209				4		0		
044121		2717		2508		104				104				0		1		7		
044122		2821		2508		104				104				0		1		7		
044123		2717		2612		104				104				0		1		7		
044124		2821		2612		104				104				0		1		7		
04413		2508		2717		209				209				4		0		
044131		2508		2717		104				104				0		1		7		
044132		2612		2717		104				104				0		1		7		
044133		2508		2821		104				104				0		1		7		
044134		2612		2821		104				104				0		1		7		
04414		2717		2717		209				209				4		0		
044141		2717		2717		104				104				0		1		7		
044142		2821		2717		104				104				0		1		7		
044143		2717		2821		104				104				0		1		7		
044144		2821		2821		104				104				0		1		7		
0442		2926		2508		418				418				4		0		
04421		2926		2508		209				209				4		0		
044211		2926		2508		104				104				0		1		7		
044212		3030		2508		104				104				0		1		7		
044213		2926		2612		104				104				0		1		7		
044214		3030		2612		104				104				0		1		7		
04422		3135		2508		209				209				4		0		
044221		3135		2508		104				104				0		1		7		
044222		3239		2508		104				104				0		1		7		
044223		3135		2612		104				104				0		1		7		
044224		3239		2612		104				104				0		1		7		
04423		2926		2717		209				209				4		0		
044231		2926		2717		104				104				0		1		7		
044232		3030		2717		104				104				0		1		7		
044233		2926		2821		104				104				0		1		7		
044234		3030		2821		104				104				0		1		7		
04424		3135		2717		209				209				4		0		
044241		3135		2717		104				104				0		1		7		
044242		3239		2717		104				104				0		1		7		
044243		3135		2821		104				104				0		1		7		
044244		3239		2821		104				104				0		1		7		
0443		2508		2926		418				418				4		0		
04431		2508		2926		209				209				4		0		
044311		2508		2926		104				104				0		1		7		
044312		2612		2926		104				104				0		1		7		
044313		2508		3030		104				104				0		1		7		
044314		2612		3030		104				104				0		1		7		
04432		2717		2926		209				209				4		0		
044321		2717		2926		104				104				0		1		7		
044322		2821		2926		104				104				0		1		7		
044323		2717		3030		104				104				0		1		7		
044324		2821		3030		104				104				0		1		7		
04433		2508		3135		209				209				4		0		
044331		2508		3135		104				104				0		1		7		
044332		2612		3135		104				104				0		1		7		
044333		2508		3239		104				104				0		1		7		
044334		2612		3239		104				104				0		1		7		
04434		2717		3135		209				209				4		0		
044341		2717		3135		104				104				0		1		7		
044342		2821		3135		104				104				0		1		7		
044343		2717		3239		104				104				0		1		7		
044344		2821		3239		104				104				0		1		7		
0444		2926		2926		418				418				4		0		
04441		2926		2926		209				209				4		0		
044411		2926		2926		104				104				0		1		7		
044412		3030		2926		104				104				0		1		7		
044413		2926		3030		104				104				0		1		7		
044414		3030		3030		104				104				0		1		7		
04442		3135		2926		209				209				4		0		
044421		3135		2926		104				104				0		1		7		
044422		3239		2926		104				104				0		1		7		
044423		3135		3030		104				104				0		1		7		
044424		3239		3030		104				104				0		1		7		
04443		2926		3135		209				209				4		0		
044431		2926		3135		104				104				0		1		7		
044432		3030		3135		104				104				0		1		7		
044433		2926		3239		104				104				0		1		7		
044434		3030		3239		104				104				0		1		7		
04444		3135		3135		209				209				4		0		
044441		3135		3135		104				104				0		1		7		
044442		3239		3135		104				104				0		1		7		
044443		3135		3239		104				104				0		1		7		
044444		3239		3239		104				104				0		1		7		
